<?xml version="1.0"?>
<opencv_storage>
<camera_matrix type_id="opencv-matrix">
  <rows>3</rows>
  <cols>3</cols>
  <dt>d</dt>
  <data>
    673.87477697954478 0. 346.925081390944 0. 688.6318285041184
    238.7702960328846 0. 0. 1.</data></camera_matrix>
<dist_coeff type_id="opencv-matrix">
  <rows>1</rows>
  <cols>5</cols>
  <dt>d</dt>
  <data>
    -0.48373078177429729 1.1934759987702377 0.023059859318217697
    -0.068411642124387093 -2.183472856386226</data></dist_coeff>
</opencv_storage>
